import numpy as np

class Test:
    def __init__(self):
        pass
    def returnmatrix(self):
        return np.array([[
        1.0,
        0.6411803884299546,
        0.8948393168143698,
        0.6411803884299546,
        0.5737534207374327,
        0.41111229050718734,
        0.8948393168143698,
        0.5737534207374327,
        0.016389553790213604,
        0.01831563888873418,
        0.0007301779968647988,
        0.0008159878350721483,
        0.0007301779968647988,
        0.0005231953970456776,
        0.016389553790213604,
        0.01174362845702135,
        ],
        [
        0.6411803884299546,
        1.0,
        0.5737534207374327,
        0.41111229050718734,
        0.8948393168143698,
        0.6411803884299546,
        0.5737534207374327,
        0.8948393168143698,
        0.15123975969049577,
        0.1690133154060661,
        0.016389553790213604,
        0.01831563888873418,
        0.016389553790213604,
        0.01174362845702135,
        0.15123975969049577,
        0.10836802322189582,
        ],
        [
        0.8948393168143698,
        0.5737534207374327,
        1.0,
        0.8948393168143698,
        0.6411803884299546,
        0.5737534207374327,
        0.6411803884299546,
        0.41111229050718734,
        0.01174362845702135,
        0.016389553790213604,
        0.0005231953970456776,
        0.0007301779968647988,
        0.0008159878350721483,
        0.0007301779968647988,
        0.01831563888873418,
        0.016389553790213604,
        ],
        [
        0.6411803884299546,
        0.41111229050718734,
        0.8948393168143698,
        1.0,
        0.5737534207374327,
        0.6411803884299546,
        0.36787944117144233,
        0.23587708298570007,
        0.006737946999085461,
        0.01174362845702135,
        0.00030018514876903747,
        0.0005231953970456776,
        0.0007301779968647988,
        0.0008159878350721483,
        0.016389553790213604,
        0.01831563888873418,
        ],
        [
        0.5737534207374327,
        0.8948393168143698,
        0.6411803884299546,
        0.5737534207374327,
        1.0,
        0.8948393168143698,
        0.41111229050718734,
        0.6411803884299546,
        0.10836802322189582,
        0.15123975969049577,
        0.01174362845702135,
        0.016389553790213604,
        0.01831563888873418,
        0.016389553790213604,
        0.1690133154060661,
        0.15123975969049577,
        ],
        [
        0.41111229050718734,
        0.6411803884299546,
        0.5737534207374327,
        0.6411803884299546,
        0.8948393168143698,
        1.0,
        0.23587708298570007,
        0.36787944117144233,
        0.06217652402211632,
        0.10836802322189582,
        0.006737946999085461,
        0.01174362845702135,
        0.016389553790213604,
        0.01831563888873418,
        0.15123975969049577,
        0.1690133154060661,
        ],
        [
        0.8948393168143698,
        0.5737534207374327,
        0.6411803884299546,
        0.36787944117144233,
        0.41111229050718734,
        0.23587708298570007,
        1.0,
        0.6411803884299546,
        0.01831563888873418,
        0.016389553790213604,
        0.0008159878350721483,
        0.0007301779968647988,
        0.0005231953970456776,
        0.00030018514876903747,
        0.01174362845702135,
        0.006737946999085461,
        ],
        [
        0.5737534207374327,
        0.8948393168143698,
        0.41111229050718734,
        0.23587708298570007,
        0.6411803884299546,
        0.36787944117144233,
        0.6411803884299546,
        1.0,
        0.1690133154060661,
        0.15123975969049577,
        0.01831563888873418,
        0.016389553790213604,
        0.01174362845702135,
        0.006737946999085461,
        0.10836802322189582,
        0.06217652402211632,
        ],
        [
        0.016389553790213604,
        0.15123975969049577,
        0.01174362845702135,
        0.006737946999085461,
        0.10836802322189582,
        0.06217652402211632,
        0.01831563888873418,
        0.1690133154060661,
        1.0,
        0.8948393168143698,
        0.6411803884299546,
        0.5737534207374327,
        0.41111229050718734,
        0.23587708298570007,
        0.6411803884299546,
        0.36787944117144233,
        ],
        [
        0.01831563888873418,
        0.1690133154060661,
        0.016389553790213604,
        0.01174362845702135,
        0.15123975969049577,
        0.10836802322189582,
        0.016389553790213604,
        0.15123975969049577,
        0.8948393168143698,
        1.0,
        0.5737534207374327,
        0.6411803884299546,
        0.5737534207374327,
        0.41111229050718734,
        0.8948393168143698,
        0.6411803884299546,
        ],
        [
        0.0007301779968647988,
        0.016389553790213604,
        0.0005231953970456776,
        0.00030018514876903747,
        0.01174362845702135,
        0.006737946999085461,
        0.0008159878350721483,
        0.01831563888873418,
        0.6411803884299546,
        0.5737534207374327,
        1.0,
        0.8948393168143698,
        0.6411803884299546,
        0.36787944117144233,
        0.41111229050718734,
        0.23587708298570007,
        ],
        [
        0.0008159878350721483,
        0.01831563888873418,
        0.0007301779968647988,
        0.0005231953970456776,
        0.016389553790213604,
        0.01174362845702135,
        0.0007301779968647988,
        0.016389553790213604,
        0.5737534207374327,
        0.6411803884299546,
        0.8948393168143698,
        1.0,
        0.8948393168143698,
        0.6411803884299546,
        0.5737534207374327,
        0.41111229050718734,
        ],
        [
        0.0007301779968647988,
        0.016389553790213604,
        0.0008159878350721483,
        0.0007301779968647988,
        0.01831563888873418,
        0.016389553790213604,
        0.0005231953970456776,
        0.01174362845702135,
        0.41111229050718734,
        0.5737534207374327,
        0.6411803884299546,
        0.8948393168143698,
        1.0,
        0.8948393168143698,
        0.6411803884299546,
        0.5737534207374327,
        ],
        [
        0.0005231953970456776,
        0.01174362845702135,
        0.0007301779968647988,
        0.0008159878350721483,
        0.016389553790213604,
        0.01831563888873418,
        0.00030018514876903747,
        0.006737946999085461,
        0.23587708298570007,
        0.41111229050718734,
        0.36787944117144233,
        0.6411803884299546,
        0.8948393168143698,
        1.0,
        0.5737534207374327,
        0.6411803884299546,
        ],
        [
        0.016389553790213604,
        0.15123975969049577,
        0.01831563888873418,
        0.016389553790213604,
        0.1690133154060661,
        0.15123975969049577,
        0.01174362845702135,
        0.10836802322189582,
        0.6411803884299546,
        0.8948393168143698,
        0.41111229050718734,
        0.5737534207374327,
        0.6411803884299546,
        0.5737534207374327,
        1.0,
        0.8948393168143698,
        ],
        [
        0.01174362845702135,
        0.10836802322189582,
        0.016389553790213604,
        0.01831563888873418,
        0.15123975969049577,
        0.1690133154060661,
        0.006737946999085461,
        0.06217652402211632,
        0.36787944117144233,
        0.6411803884299546,
        0.23587708298570007,
        0.41111229050718734,
        0.5737534207374327,
        0.6411803884299546,
        0.8948393168143698,
        1.0,
        ]])


